rank,uri,artist_names,track_name,source,peak_rank,previous_rank,days_on_chart,streams
1,"spotify:track:1rgnBhdG2JDFTbYkYRZAku","Tones And I","Dance Monkey","Elektra (NEK)",1,1,143,"6371150"
2,"spotify:track:696DnlkuDOXcMAnKlTgXXK","Arizona Zervas","ROXANNE","Arizona Zervas",2,2,41,"4242225"
3,"spotify:track:0bYg9bo50gSsH3LtXe2SQn","Mariah Carey","All I Want for Christmas Is You","Columbia",1,6,143,"4077010"
4,"spotify:track:6v3KW9xbzN5yKLt9YKDYA2","Shawn Mendes, Camila Cabello","Señorita","Island Records",1,3,170,"3751385"
5,"spotify:track:21jGcNKet2qwijlDFuPiPb","Post Malone","Circles","Republic Records",1,4,100,"3647985"
6,"spotify:track:2b8fOow8UzyDFAE27YhOZM","Maroon 5","Memories","Interscope Records*",2,5,79,"3584054"
7,"spotify:track:2FRnf9qhLbvw8fu4IBXx78","Wham!","Last Christmas","Epic",2,17,110,"3309744"
8,"spotify:track:7qEHsqek33rTcFNT9PFqLf","Lewis Capaldi","Someone You Loved","Vertigo Berlin",4,7,333,"3164740"
9,"spotify:track:6WrI0LAC5M1Rw2MnX2ZvEg","Dua Lipa","Don't Start Now","Warner Records",5,8,37,"3129922"
10,"spotify:track:6cy3ki60hLwimwIje7tALf","Black Eyed Peas, J Balvin","RITMO (Bad Boys For Life)","Epic/We The Best",6,14,54,"2996592"
11,"spotify:track:3ZCTVFBt2Brf31RLEnCkWJ","Billie Eilish","everything i wanted","Darkroom/Interscope Records",1,9,24,"2959965"
12,"spotify:track:2Fxmhks0bxGSBdJ92vM42m","Billie Eilish","bad guy","Darkroom/Interscope Records",1,10,254,"2937634"
13,"spotify:track:7k4t7uLgtOxPwTpFmtJNTY","KAROL G, Nicki Minaj","Tusa","TUSA - Karol G & Nicki Minaj",12,15,30,"2926751"
14,"spotify:track:4TnjEaWOeW0eKTKIEvJyCa","Trevor Daniel","Falling","Alamo",13,16,21,"2785464"
15,"spotify:track:0sf12qNH5qcw8qpgymFOqD","The Weeknd","Blinding Lights","Republic Records",7,12,9,"2713886"
16,"spotify:track:57vxBYXtHMk6H1aD29V7PU","The Weeknd","Heartless","Republic Records",2,13,11,"2665274"
17,"spotify:track:0lizgQ7Qw35od7CYaoMBZb","Ariana Grande","Santa Tell Me","Universal Records",3,25,99,"2544237"
18,"spotify:track:1M4qEo4HE3PRaCOM7EXNJq","Harry Styles","Adore You","Columbia",11,11,2,"2421629"
19,"spotify:track:3eekarcy7kvN4yt5ZFzltW","Travis Scott","HIGHEST IN THE ROOM","Cactus Jack/Epic",1,19,65,"2331637"
20,"spotify:track:0RiRZpuVRbi7oqRdSMwhQY","Post Malone, Swae Lee","Sunflower - Spider-Man: Into the Spider-Verse","Republic Records",1,18,416,"2311047"
21,"spotify:track:5DxXgozhkPLgrbKFY91w0c","Bad Bunny","Vete","Rimas Entertainment LLC",6,21,17,"2287945"
22,"spotify:track:0lLdorYw7lVrJydTINhWdI","Michael Bublé","It's Beginning to Look a Lot like Christmas","Reprise",3,30,90,"2283851"
23,"spotify:track:7aiClxsDWFRQ0Kzk5KI5ku","blackbear","hot girl bummer","Alamo",9,22,107,"2275621"
24,"spotify:track:1HfMVBKM75vxSfsQ5VefZ5","Selena Gomez","Lose You To Love Me","Interscope Records",1,20,46,"2207735"
25,"spotify:track:2EjXfH91m7f8HiJN1yQg97","Brenda Lee","Rockin' Around The Christmas Tree","MCA Nashville",3,37,88,"2170523"
26,"spotify:track:3hBXvHLlTHvnbwrPbeoyAj","Bobby Helms","Jingle Bell Rock","Geffen",5,42,85,"2084464"
27,"spotify:track:2ksOAxtIxY8yElEWw8RhgK","Anuel AA, Daddy Yankee, KAROL G, J Balvin, Ozuna","China","2019 Real Hasta La Muerte, LLC.",2,27,142,"2072674"
28,"spotify:track:2tnVG71enUj33Ic2nFN6kZ","Regard","Ride It","Ministry of Sound Recordings",12,29,93,"2036746"
29,"spotify:track:0hVXuCcriWRGvwMV1r5Yn9","Ed Sheeran, Justin Bieber","I Don't Care (with Justin Bieber)","Atlantic Records UK",1,23,212,"2015952"
30,"spotify:track:70eFcWOvlMObDhURTqT4Fv","Ed Sheeran, Khalid","Beautiful People (feat. Khalid)","Atlantic Records UK",3,24,163,"2012977"
31,"spotify:track:5hslUAKq9I9CG2bAulFkHN","Andy Williams","It's the Most Wonderful Time of the Year","Columbia/Legacy",6,47,83,"1980949"
32,"spotify:track:7xapw9Oy21WpfEcib2ErSA","Justin Bieber","Mistletoe","RBMG/Def Jam",12,46,88,"1909874"
33,"spotify:track:6ocbgoVGwYJhOv1GgI9NsF","Ariana Grande","7 rings","Republic Records",1,28,324,"1879976"
34,"spotify:track:1e9oZCCiX42nJl0AcqriVo","Harry Styles","Watermelon Sugar","Columbia",14,26,21,"1747756"
35,"spotify:track:0fea68AdmYNygeTGI4RC18","J Balvin, Bad Bunny","LA CANCIÓN","Universal Music Latino / Rimas",16,32,163,"1745310"
36,"spotify:track:51Fjme0JiitpyXKuyQiCDo","Y2K, bbno$","Lalala","Columbia",4,35,170,"1728891"
37,"spotify:track:0247StOpd3AkeBQzANX4Zf","Band Aid","Do They Know It's Christmas? - 1984 Version","EMI",3,57,79,"1708775"
38,"spotify:track:6mAN61JH0dzyZpWslS11jy","Rauw Alejandro, Farruko","Fantasias","(SME US Latin) Duars Entertainment, Corp. (2)",25,41,75,"1694950"
39,"spotify:track:2YpeDb67231RjR0MgVLzsG","Lil Nas X, Billy Ray Cyrus","Old Town Road - Remix","Columbia",2,36,247,"1680277"
40,"spotify:track:2TH65lNHgvLxCKXM3apjxI","Bad Bunny, Tainy","Callaita","Rimas Entertainment LLC",5,39,191,"1652274"
41,"spotify:track:6tjituizSxwSmBB5vtgHZE","Michael Bublé","Holly Jolly Christmas","Reprise",18,68,68,"1612593"
42,"spotify:track:4kKdvXD0ez7jp1296JmAts","Frank Sinatra, B. Swanson Quartet","Let It Snow! Let It Snow! Let It Snow! (with The B. Swanson Quartet)","Columbia/Legacy",11,71,77,"1611822"
43,"spotify:track:6b2RcmUt1g9N9mQ3CbjX2Y","Sam Smith","How Do You Sleep?","Capitol",7,34,142,"1611755"
44,"spotify:track:6vBdBCoOhKHiYDDOcorfNo","Post Malone, Young Thug","Goodbyes (feat. Young Thug)","Republic Records",2,33,156,"1610883"
45,"spotify:track:4R8BJggjosTswLxtkw8V7P","Jhayco, J Balvin, Bad Bunny","No Me Conoce - Remix","N&E Entertainment LLC",17,45,201,"1577598"
46,"spotify:track:3zJw3rugfpVrmBeDDnUYzy","John Lennon, Yoko Ono","Happy Xmas (War Is Over) - Remastered 2010","EMI Catalogue",7,73,71,"1548734"
47,"spotify:track:2VxeLyX666F8uXCJ0dZF8B","Lady Gaga, Bradley Cooper","Shallow","A Star is Born OST",2,40,436,"1543930"
48,"spotify:track:1lOe9qE0vR9zwWQAOk6CoO","Lil Tecca","Ransom","Republic Records",3,50,188,"1534190"
49,"spotify:track:3yOlyBJuViE2YSGn3nVE1K","Camila Cabello, DaBaby","My Oh My (feat. DaBaby)","Syco Music/Epic",31,31,2,"1501907"
50,"spotify:track:3nAp4IvdMPPWEH9uuXFFV5","Kelly Clarkson","Underneath the Tree","RCA Records Label",18,74,50,"1500042"
51,"spotify:track:6Ozh9Ok6h4Oi1wUSLtBseN","DaBaby","BOP","South Coast Music Group/Interscope Records",21,52,72,"1490751"
52,"spotify:track:2wrJq5XKLnmhRXHIAf9xBa","Dan + Shay, Justin Bieber","10,000 Hours (with Justin Bieber)","Warner Music Nashville",5,48,65,"1480638"
53,"spotify:track:073ILU1C3APNRGF66VhtyA","Camila Cabello","Liar","Syco Music/Epic",20,43,94,"1476816"
54,"spotify:track:7taXf5odg9xCAZERYfyOkS","José Feliciano","Feliz Navidad","RCA Records Label",12,84,64,"1468599"
55,"spotify:track:3jbT1Y5MoPwEIpZndDDwVq","Tainy, Anuel AA, Ozuna","Adicto (with Anuel AA & Ozuna)","NEON16/Interscope Records",21,55,107,"1456094"
56,"spotify:track:2gMXnyrvIjhVBUZwvLZDMP","Lewis Capaldi","Before You Go","Vertigo Berlin",17,49,18,"1455761"
57,"spotify:track:4vUmTMuQqjdnvlZmAH61Qk","Ed Sheeran, Camila Cabello, Cardi B","South of the Border (feat. Camila Cabello & Cardi B)","Atlantic Records UK",9,51,149,"1434341"
58,"spotify:track:27qAMKrDdKEs8HDXcvR24R","Chris Rea","Driving Home for Christmas - 2019 Remaster","Rhino",8,88,63,"1404913"
59,"spotify:track:7Lbxvt42JsNSKVCaN63qhD","Paul McCartney","Wonderful Christmastime - Edited Version / Remastered 2011","Paul McCartney Catalog",10,92,68,"1367043"
60,"spotify:track:7CHi4DtfK4heMlQaudCuHK","MEDUZA, Becky Hill, Goodboys","Lose Control","Virgin",31,56,51,"1358928"
61,"spotify:track:5aJEh9Oqdz7PRLKTpH25pB","Harry Styles","Lights Up","Columbia",3,38,58,"1356898"
62,"spotify:track:6RyaV7owmVU6fzEPE17sF1","Daddy Yankee","Que Tire Pa Lante","El Cartel Records (EC3)",19,64,51,"1353981"
63,"spotify:track:7xQAfvXzm3AkraOtGPWIZg","Post Malone","Wow.","Republic Records",1,54,349,"1329030"
64,"spotify:track:43zdsphuZLzwA9k4DJhU0I","Billie Eilish","when the party's over","Darkroom/Interscope Records",7,53,417,"1323869"
65,"spotify:track:6LcauUZjF1eXQrgqMUecHX","Tyga","Ayy Macarena","Columbia/Last Kings Records",53,67,20,"1313007"
66,"spotify:track:6Gg1gjgKi2AK4e0qzsR7sd","Juice WRLD, YoungBoy Never Broke Again","Bandit (with YoungBoy Never Broke Again)","Grade A Productions/Interscope Records",13,60,65,"1308662"
67,"spotify:track:1iQDltZqI7BXnHrFy4Qo1k","SHAED, ZAYN","Trampoline (with ZAYN)","Photo Finish Records",18,62,66,"1284268"
68,"spotify:track:2pWOMNQJW3g2zmGjP0Vkb0","Nicky Jam, Anuel AA","Whine Up","Sony Music Latin",41,72,37,"1277267"
69,"spotify:track:2dpaYNEQHiRxtZbfNsse99","Marshmello, Bastille","Happier","Joytime Collective",2,65,478,"1255464"
70,"spotify:track:4so0Wek9Ig1p6CRCHuINwW","Bing Crosby","White Christmas","Geffen*",10,121,70,"1247190"
71,"spotify:track:0u2P5u6lvoDfwTYjAADbn4","Billie Eilish, Khalid","lovely (with Khalid)","Darkroom",19,59,595,"1241340"
72,"spotify:track:5qmq61DAAOUaW8AUo8xKhh","Lizzo","Truth Hurts","Nice Life/Atlantic",15,61,229,"1233100"
73,"spotify:track:4PS1e8f2LvuTFgUs1Cn3ON","Nat King Cole","The Christmas Song (Merry Christmas To You)","CAPITOL CATALOG MKT (C92)",14,122,62,"1213797"
74,"spotify:track:5p7ujcrUXASCNwRaWNHR1C","Halsey","Without Me","Capitol Records",3,58,429,"1213028"
75,"spotify:track:5DqdesEfbRyOlSS3Tf6c29","Ali Gatie","It's You","Warner Records",27,69,177,"1200659"
76,"spotify:track:22vgEDb5hykfaTwLuskFGD","Jonas Brothers","Sucker","Jonas Brothers Recording",2,63,282,"1178764"
77,"spotify:track:3e9HZxeyfWwjeyPAMmWSSQ","Ariana Grande","thank u, next","Republic Records",1,66,399,"1154200"
78,"spotify:track:6osaMSJh9NguagEDQcZaKx","DJ Snake, J Balvin, Tyga","Loco Contigo (feat. J. Balvin & Tyga)","DJ Snake Music Productions Limited",8,80,177,"1153907"
79,"spotify:track:1DFD5Fotzgn6yYXkYsKiGs","MEDUZA, Goodboys","Piece Of Your Heart","Virgin",13,76,237,"1147018"
80,"spotify:track:4t9a07PAghtQMRAIP9FQ7Z","Lunay, Daddy Yankee, Bad Bunny","Soltera (Remix)","round2media - LaFamilia",7,83,212,"1139191"
81,"spotify:track:4u7EnebtmKWzUH433cf5Qv","Queen","Bohemian Rhapsody - Remastered 2011","EMI",10,82,471,"1136389"
82,"spotify:track:1Qi2wh8fFgDV7tl4Sj3f2K","Sam Smith","Have Yourself A Merry Little Christmas","Capitol",16,139,63,"1124487"
83,"spotify:track:4rRIovg4TvxLUiUrpGI6lE","Shakin' Stevens","Merry Christmas Everyone","Sony Music CG",21,130,51,"1122672"
84,"spotify:track:5w9c2J52mkdntKOmRLeM2m","Daddy Yankee, Snow","Con Calma","El Cartel Records (EC3)",1,81,314,"1111357"
85,"spotify:track:37zdqI4r1gswIzczSBkRon","Lunay, Anuel AA, Ozuna","Aventura","round2media - LaFamilia",47,91,44,"1110802"
86,"spotify:track:1ODZGydlown4VesUP8HLJX","The Ronettes","Sleigh Ride","Legacy Recordings",20,161,38,"1108925"
87,"spotify:track:2uFaJJtFpPDc5Pa95XzTvg","Dean Martin","Let It Snow! Let It Snow! Let It Snow!","Capitol Records",25,155,36,"1098437"
88,"spotify:track:65Q2mv3UlVi9eO70OpsmSe","Burl Ives","A Holly Jolly Christmas","Geffen",17,160,66,"1096666"
89,"spotify:track:3Z0oQ8r78OUaHvGPiDBR3W","Idina Menzel, AURORA","Into the Unknown","Walt Disney Records",51,104,15,"1092396"
90,"spotify:track:6XHVuErjQ4XNm6nDPVCxVX","Chris Brown, Drake","No Guidance (feat. Drake)","Chris Brown Entertainment/RCA Records",8,79,183,"1084051"
91,"spotify:track:5stPVcRqb4qixbafP9e8lt","Dalex, Lenny Tavárez, Chencho Corleone, Juhn, Dímelo Flow","Hola - Remix","Rich Music",75,96,25,"1071402"
92,"spotify:track:0pqnGHJpmpxLKifKRmU6WP","Imagine Dragons","Believer","Kid Ina Korner / Interscope",15,94,1039,"1070106"
93,"spotify:track:5ry2OE6R2zPQFDO85XkgRb","Drake, Rick Ross","Money In The Grave (Drake ft. Rick Ross)","Republic Records",4,90,176,"1065262"
94,"spotify:track:59s0s39NFWScuHDbHytI14","Reik, J Balvin, Lalo Ebratt","Indeciso","Indeciso",55,98,93,"1064468"
95,"spotify:track:2xLMifQCjDGFmkHkpNLD9h","Travis Scott","SICKO MODE","Cactus Jack / Epic",2,86,492,"1062915"
96,"spotify:track:6Qs4SXO9dwPj5GKvVOv8Ki","Sam Smith, Normani","Dancing With A Stranger (with Normani)","Capitol",6,75,331,"1059833"
97,"spotify:track:5Id5B3dxJZhPcV9GzgYZZe","Rich Music LTD, Sech, Dalex, Justin Quiles, Lenny Tavárez, Feid, Wisin, Zion","Quizas","Rich Music",50,100,79,"1055378"
98,"spotify:track:25sgk305KZfyuqVBQIahim","Ava Max","Sweet but Psycho","Atlantic Records",5,87,437,"1049992"
99,"spotify:track:2pXpURmn6zC5ZYDMms6fwa","Perry Como, The Fontane Sisters, Mitchell Ayres & His Orchestra","It's Beginning to Look a Lot Like Christmas (with Mitchell Ayres & His Orchestra)","RCA Records Label",27,183,36,"1046156"
100,"spotify:track:1nocRtwyNPVtGcIJqfgdzZ","Camilo, Pedro Capó","Tutu","Sony Music Latin",24,105,121,"1042535"
101,"spotify:track:0e7ipj03S05BNilyu5bRzt","Post Malone, 21 Savage","rockstar (feat. 21 Savage)","Republic Records",1,93,814,"1042418"
102,"spotify:track:7CZyCXKG6d5ALeq41sLzbw","Post Malone, Ozzy Osbourne, Travis Scott","Take What You Want (feat. Ozzy Osbourne & Travis Scott)","Republic Records",5,89,93,"1041065"
103,"spotify:track:03eJ2DclFWXYU8GWgANdmZ","XXXTENTACION, PnB Rock, Trippie Redd","bad vibes forever (feat. PnB Rock & Trippie Redd)","Bad Vibes Forever / EMPIRE",70,70,9,"1034378"
104,"spotify:track:4SSnFejRGlZikf02HLewEF","Billie Eilish","bury a friend","Darkroom/Interscope Records",2,78,312,"1030185"
105,"spotify:track:6Y4PDQv4XjYjHLeLmvyOt0","Sech, Ozuna","Si Te Vas","Rich Music",44,109,72,"1030092"
106,"spotify:track:7BlBVFwvbWvcwNcUarQmjk","ROSALÍA, Ozuna","Yo x Ti, Tu x Mi","Columbia",19,103,114,"1028420"
107,"spotify:track:2qG5sZ7Si6sdK74qLxedYM","ROSALÍA, J Balvin, El Guincho","Con Altura","Columbia",28,102,254,"1025028"
108,"spotify:track:6pVW5LRWgeLaHudxauOTJU","Daryl Hall & John Oates","Jingle Bell Rock - Daryl's Version","Legacy Recordings",25,167,35,"1019503"
109,"spotify:track:1000nHvUdawXuUHgBod4Wv","Lil Nas X","Panini","Columbia",6,116,171,"1002165"
110,"spotify:track:5Ber68jZ7ytegr2UISEdb7","Michael Bublé","Santa Claus Is Coming to Town","Reprise",26,196,38,"999839"
111,"spotify:track:3VTNVsTTu05dmTsVFrmGpK","The Pogues, Kirsty MacColl","Fairytale of New York (feat. Kirsty MacColl)","WM UK",18,185,59,"997093"
112,"spotify:track:7qiZfU4dY1lWllzX7mPBI3","Ed Sheeran","Shape of You","Atlantic Records UK",1,112,1066,"984762"
113,"spotify:track:2W4yABdLc4Jnds67Poi5Nl","Ant Saunders","Yellow Hearts","Arista Records",43,113,31,"982238"
114,"spotify:track:07s9NNOT0sZQp7TyolLLgu","Stormzy, Burna Boy, Ed Sheeran","Own It (feat. Ed Sheeran & Burna Boy)","Atlantic Records UK",24,99,16,"980320"
115,"spotify:track:3VyjsVV24RmBIbWJAeUJNu","Don Toliver","No Idea","We Run It Ent./Cactus Jack/Atlantic",84,115,7,"976669"
116,"spotify:track:3TKpJrY9q49Mj1JOsM9zGL","The Chainsmokers, Kygo","Family","Disruptor Records/Columbia",77,77,2,"975267"
117,"spotify:track:5iwz1NiezX7WWjnCgY5TH4","Pedro Capó, Farruko","Calma - Remix","Sony Music Latin",5,114,386,"965221"
118,"spotify:track:285pBltuF7vW8TeWk8hdRR","Juice WRLD","Lucid Dreams","Juice WRLD Mixtape / ISR P&D",2,110,574,"961919"
119,"spotify:track:29ZXwWOOLz9t5fa3eT3i7T","YNW Melly, 9lokknine","223's (feat. 9lokknine)","P2019",29,131,90,"961504"
120,"spotify:track:3ee8Jmje8o58CHK66QrVC2","XXXTENTACION","SAD!","Bad Vibes Forever, LLC",1,118,646,"952333"
121,"spotify:track:7FGq80cy8juXBCD2nrqdWU","benny blanco, Halsey, Khalid","Eastside (with Halsey & Khalid)","Friends Keep Secrets/Interscope Records",3,95,513,"949346"
122,"spotify:track:6TqXcAFInzjp0bODyvrWEq","Khalid, Disclosure","Talk (feat. Disclosure)","Right Hand Music Group, LLC/RCA Records",10,97,303,"943036"
123,"spotify:track:1rqqCSm0Qe4I9rUvWncaom","Panic! At The Disco","High Hopes","DCD2 / Fueled By Ramen",8,106,534,"940914"
124,"spotify:track:3PIDciSFdrQxSQSihim3hN","Mariah Carey","Christmas (Baby Please Come Home)","Columbia",35,-1,24,"939526"
125,"spotify:track:3QzAOrNlsabgbMwlZt7TAY","Mustard, Roddy Ricch","Ballin' (with Roddy Ricch)","10 Summers Records/Interscope Records",83,129,62,"937298"
126,"spotify:track:3GRSqlALWISqLeNncZMbpX","Lauv, LANY","Mean It","Lauv",24,119,24,"932285"
127,"spotify:track:7fa9MBXhVfQ8P8Df9OEbD8","Maroon 5, Cardi B","Girls Like You (feat. Cardi B) - Cardi B Version","Interscope Records*",2,120,555,"931076"
128,"spotify:track:6V9fHiv84WlVTg7CSnIVY2","Halsey","Graveyard","Capitol Records",25,101,86,"928015"
129,"spotify:track:3QiAAp20rPC3dcAtKtMaqQ","Elvis Presley","Blue Christmas","RCA Victor",21,-1,54,"925932"
130,"spotify:track:6416zJN0FGPmh1Ph4BH2h3","Nimo, Hava","KEIN SCHLAF","Urban",85,85,2,"923469"
131,"spotify:track:07Oz5StQ7GRoygNLaXs2pd","Lizzo, Ariana Grande","Good as Hell (feat. Ariana Grande) - Remix","Nice Life/Atlantic",24,124,44,"922820"
132,"spotify:track:6id0KJ3XgvJLSzyMtHBj67","Britney Spears","My Only Wish (This Year)","Jive",36,-1,36,"912172"
133,"spotify:track:7dt6x5M1jzdTEt8oCbisTK","Post Malone","Better Now","Republic Records",1,117,590,"906968"
134,"spotify:track:25ZAibhr3bdlMCLmubZDVt","J Balvin, Bad Bunny","QUE PRETENDES","Universal Music Latino / Rimas",11,133,163,"900324"
135,"spotify:track:2JvzF1RMd7lE3KmFlsyZD8","J. Cole","MIDDLE CHILD","Dreamville, Inc., Under exclusive license to Roc Nation Records",2,108,317,"896556"
136,"spotify:track:4bTZeO72FwMa6wKOiqoynL","Sech, Ozuna, Anuel AA, Darell, Nicky Jam","Otro Trago - Remix","Rich Music",9,147,135,"892651"
137,"spotify:track:7KbF6AdprOXEEHlsq11Z6d","Maluma","11 PM","Sony Music Latin",28,134,205,"884884"
138,"spotify:track:4yI3HpbSFSgFZtJP2kDe5m","Selena Gomez","Look At Her Now","Interscope Records",8,127,45,"878337"
139,"spotify:track:2bT1PH7Cw3J9p3t7nlXCdh","Shawn Mendes","If I Can't Have You","Island Records",3,125,219,"873736"
140,"spotify:track:4TnFANpjVwVKWzkxNzIyFH","Gradur, Heuss L'enfoiré","Ne reviens pas","Universal Music Division Capitol Music France",102,165,9,"867427"
141,"spotify:track:598yNsG1JFrGd4n2kMoz7F","Lil Baby","Woah","Quality Control/Motown Records",55,166,30,"855786"
142,"spotify:track:3s4mrPrEFFPF0LmAfutW0n","Young Thug, J. Cole, Travis Scott","The London (feat. J. Cole & Travis Scott)","300 Entertainment/Atl",4,132,198,"855532"
143,"spotify:track:1ndyl3wJCFs872XZ3ztPk6","Justin Quiles, NATTI NATASHA, Farruko, Lenny Tavárez, Dalex, Zion","DJ No Pare (feat. Zion, Dalex, Lenny Tavárez) - Remix","WEA Latina",75,164,85,"854925"
144,"spotify:track:2bPtwnrpFNEe8N7Q85kLHw","Anitta, Lexa, Luísa Sonza, Rebecca","Combatchy (feat. MC Rebecca)","WM Brazil",97,193,13,"854255"
145,"spotify:track:5WHTFyqSii0lmT9R21abT8","Mabel","Don't Call Me Up","Polydor Records",9,126,282,"851619"
146,"spotify:track:0KoiMHhqKLoL4xM54rcWYY","DJ Snake, Selena Gomez, Ozuna, Cardi B","Taki Taki (feat. Selena Gomez, Ozuna & Cardi B)","DJ Snake Music Productions Limited",1,154,416,"848425"
147,"spotify:track:6sBWmE23q6xQHlnEZ8jYPT","Elton John","Step Into Christmas - Remastered 1995","UMC (Universal Music Catalogue)",35,-1,29,"847978"
148,"spotify:track:6oJ6le65B3SEqPwMRNXWjY","Kygo, Whitney Houston","Higher Love","Kygo/RCA Records",25,138,163,"847089"
149,"spotify:track:56AMYGJzxBO6p8v0wEe9de","Young Thug, Travis Scott, Gunna","Hot (Remix) [feat. Gunna and Travis Scott]","300 Entertainment/Atl",29,151,37,"846548"
150,"spotify:track:2gwkD6igEhQbDQegRCcdoB","DaBaby","Suge","South Coast Music Group/Interscope Records",23,153,226,"838976"
151,"spotify:track:0F7FA14euOIX8KcbEturGH","Lil Nas X","Old Town Road","Columbia",2,171,245,"838229"
152,"spotify:track:76IVpz47q3ghkxoUeTTEKb","Samra","COLT","Urban",111,111,2,"835589"
153,"spotify:track:1G2CAJeP7rCwOZjlSJ0Zw3","Major Lazer, J Balvin, El Alfa","Que Calor","Mad Decent",59,177,86,"835544"
154,"spotify:track:6hw1Sy9wZ8UCxYGdpKrU6M","Apache 207","Roller","Four Music Local",55,159,107,"835486"
155,"spotify:track:2iUXsYOEPhVqEBwsqP70rE","5 Seconds of Summer","Youngblood","Capitol",6,135,604,"832535"
156,"spotify:track:0tgVpDi06FyKpA1z0VMD4v","Ed Sheeran","Perfect","Atlantic Records UK",3,156,1008,"831782"
157,"spotify:track:6YJdPrH3i2POzu7hdHIRrb","Ariana Grande, Liz Gillies","Santa Baby","Universal Records",40,-1,25,"830662"
158,"spotify:track:1mpD5Q8IM32I4bF6eCpU74","Khalid","Up All Night","Right Hand Music Group, LLC/RCA Records",43,145,23,"830158"
159,"spotify:track:4fzyvSu73BhGvi96p2zwjL","Coldplay","Christmas Lights","Parlophone UK",34,-1,46,"829983"
160,"spotify:track:6ztvsy3C6hPjVg9j4x1XKJ","Roddy Ricch, A Boogie Wit da Hoodie","Tip Toe (feat. A Boogie Wit da Hoodie)","Atlantic Records",119,140,8,"827791"
161,"spotify:track:1OjmlSFuzYflWjSMTCyTJv","Jonas Brothers","Like It's Christmas","Jonas Brothers",149,-1,2,"827706"
162,"spotify:track:5uCax9HTNlzGybIStD3vDh","James Arthur","Say You Won't Let Go","Columbia",7,141,1067,"824487"
163,"spotify:track:3g0mEQx3NTanacLseoP0Gw","The Chainsmokers, ILLENIUM, Lennon Stella","Takeaway","Disruptor Records/Columbia",26,149,135,"816092"
164,"spotify:track:6gBFPUFcJLzWGx4lenP6h2","Travis Scott","goosebumps","Cactus Jack / Epic",56,158,857,"815335"
165,"spotify:track:5a0nHa7F4S9hb0Zi0zLS8w","Halsey, SUGA, BTS","SUGA's Interlude","Capitol Records",44,44,2,"812109"
166,"spotify:track:1Xnn1TPyr5h0hpRAT4B4EA","Dalex, Lenny Tavárez, Anitta, NATTI NATASHA, Farruko, Justin Quiles","Bellaquita - Remix","Rich Music",122,197,12,"805260"
167,"spotify:track:4bl1HBZliBuYpFZjWgefE4","Roddy Ricch, Meek Mill","Peta (feat. Meek Mill)","Atlantic Records",167,176,2,"802579"
168,"spotify:track:2iwS33Jfev1QBiuhWVWZHY","Lauv, Troye Sivan","i'm so tired...","Lauv",17,137,273,"801337"
169,"spotify:track:2qxmye6gAegTMjLKEBoR3d","Alec Benjamin","Let Me Down Slowly","2018",21,157,356,"798484"
170,"spotify:track:6kls8cSlUyHW2BUOkDJIZE","Ellie Goulding, Juice WRLD","Hate Me (with Juice WRLD)","Polydor Records",61,173,121,"797416"
171,"spotify:track:2pnPe4pJtq7689i5ydzvJJ","Chuck Berry","Run Rudolph Run","Geffen*",33,-1,21,"793423"
172,"spotify:track:2IRZnDFmlqMuOrYOLnZZyc","Meek Mill, Drake","Going Bad (feat. Drake)","MMG/Atlantic",8,144,357,"792710"
173,"spotify:track:40KuvsFD0zpUFuCcmt5Xm0","XXXTENTACION","Ex Bitch","Bad Vibes Forever / EMPIRE",107,107,2,"792280"
174,"spotify:track:5qrSlOut2rNAWv3ubArkNy","Dean Lewis","Be Alright","Universal Music Australia Pty. Ltd.",12,150,504,"789506"
175,"spotify:track:0JP9xo3adEtGSdUEISiszL","XXXTENTACION","Moonlight","Bad Vibes Forever, LLC",2,192,624,"788205"
176,"spotify:track:7iHHxY2NLlJRAmlAmC4ahQ","Lil Mosey, Gunna","Stuck In A Dream (feat. Gunna)","Mogul Vision/Interscope Records",30,175,69,"787990"
177,"spotify:track:0jiPKUSdsJNCxMPHjMqptk","Darlene Love","Christmas (Baby Please Come Home)","Legacy Recordings",59,-1,8,"781515"
178,"spotify:track:1Ej96GIBCTvgH7tNX1r3qr","Sech, Darell","Otro Trago","Rich Music/Ingrooves Records",4,172,208,"781273"
179,"spotify:track:6RRNNciQGZEXnqk8SQ9yv5","Taylor Swift","You Need To Calm Down","Taylor Swift",3,152,176,"779068"
180,"spotify:track:6DCZcSspjsKoFjzjrWoCdn","Drake","God's Plan","Cash Money/Drake LP6",1,178,643,"777780"
181,"spotify:track:4kV4N9D1iKVxx1KLvtTpjS","Ariana Grande","break up with your girlfriend, i'm bored","Republic Records",2,142,237,"777619"
182,"spotify:track:2P91MQbaiQOfbiz9VqhqKQ","Lauv","I Like Me Better","Lauv",24,162,911,"776441"
183,"spotify:track:5T8EDUDqKcs6OSOwEsfqG7","Queen","Don't Stop Me Now - Remastered 2011","EMI",47,191,406,"773713"
184,"spotify:track:5bvnqVuq7UFl0txSlHpsfS","PARTYNEXTDOOR, Drake","LOYAL (feat. Drake)","OVO Sound",20,168,16,"772770"
185,"spotify:track:0lTurWECr2XL607eJAj1A3","Meghan Trainor","I'll Be Home","Epic",49,-1,24,"772599"
186,"spotify:track:7m9OqQk4RVRkw9JJdeAw96","XXXTENTACION","Jocelyn Flores","Bad Vibes Forever / EMPIRE",2,184,807,"769773"
187,"spotify:track:3Fj47GNK2kUF0uaEDgXLaD","Billie Eilish","wish you were gay","Darkroom/Interscope Records",2,146,217,"767126"
188,"spotify:track:0fySG6A6qLE8IvDpayb5bM","DaBaby","VIBEZ","South Coast Music Group/Interscope Records",34,198,72,"762403"
189,"spotify:track:7A20WnLkjtZU2d7hIB6Ziu","Roddy Ricch, Gunna","Start Wit Me (feat. Gunna)","Atlantic Records",179,179,2,"762188"
190,"spotify:track:1VJwtWR6z7SpZRwipI12be","Doja Cat","Candy","MAU Records",71,199,30,"761821"
191,"spotify:track:6s2wpWPFPAgKg2LXxi1Oee","Bruce Springsteen","Santa Claus Is Comin' to Town - Live at C.W. Post College, Greenvale, NY - December 1975","NITRON concepts",46,-1,15,"761736"
192,"spotify:track:0DiDStADDVh3SvAsoJAFMk","Jonas Brothers","Only Human","Jonas Brothers Recording",21,188,184,"758978"
193,"spotify:track:1zB4vmk8tFRmM9UULNzbLB","Imagine Dragons","Thunder","Kid Ina Korner / Interscope",7,-1,946,"755208"
194,"spotify:track:6zeeWid2sgw4lap2jV61PZ","Khalid","Better","Right Hand Music Group, LLC/RCA Records",7,163,437,"753620"
195,"spotify:track:7g8YaUQABMal0zWe7a2ijz","Dalex, Rafa Pabön, KHEA, Sech, Feid, Cazzu, Lenny Tavárez","Pa Mí - Remix","Rich Music/Ingrooves Records",15,194,239,"750693"
196,"spotify:track:5F8ffc8KWKNawllr5WsW0r","Dadá Boladão, Tati Zaqui, OIK","Surtada - Remix Brega Funk","Sony Music Entertainment",107,-1,29,"750458"
197,"spotify:track:2rc7BkzO8qepMFAxHtOrXc","J Balvin","Blanco","UMLE - Latino",108,-1,21,"747695"
198,"spotify:track:40rXWke6SnXiGkSmaT8ZUr","Ozuna","Fantasía","Aura Music Corp.",74,-1,8,"746492"
199,"spotify:track:116H0KvKr2Zl4RPuVBruDO","Bad Bunny, Drake","MIA","Rimas Entertainment LLC",1,182,360,"745133"
200,"spotify:track:3i9UVldZOE0aD0JnyfAZZ0","Taylor Swift, Shawn Mendes","Lover (Remix) [feat. Shawn Mendes]","Taylor Swift",18,186,25,"745020"
